   5.8000000e+01
   1.1600000e+02
   1.1900000e+02
   1.2000000e+02
   1.1900000e+02
   1.1900000e+02
   1.0800000e+02
   1.2100000e+02
   1.1900000e+02
   1.1500000e+02
   1.1300000e+02
   1.1600000e+02
   1.1100000e+02
   1.2200000e+02
   1.1800000e+02
   1.1200000e+02
   1.1600000e+02
   1.1500000e+02
   1.2200000e+02
   1.1400000e+02
   1.2600000e+02
   1.2100000e+02
   1.2300000e+02
   1.2000000e+02
   1.1300000e+02
   1.2200000e+02
   1.2200000e+02
   1.1900000e+02
   1.2300000e+02
   1.1300000e+02
   1.2900000e+02
   1.1900000e+02
   1.1700000e+02
   1.1800000e+02
   4.2000000e+01
   0.0000000e+00
