  -1.0451558e+02  -1.7842416e+01
  -1.0425967e+02  -1.7827235e+01
  -1.0400376e+02  -1.7812110e+01
  -1.0374784e+02  -1.7797040e+01
  -1.0349193e+02  -1.7782026e+01
  -1.0323602e+02  -1.7767068e+01
  -1.0298011e+02  -1.7752164e+01
  -1.0272420e+02  -1.7737316e+01
  -1.0246829e+02  -1.7722522e+01
  -1.0221237e+02  -1.7707783e+01
  -1.0195646e+02  -1.7693098e+01
  -1.0170055e+02  -1.7678468e+01
  -1.0144464e+02  -1.7663891e+01
  -1.0118873e+02  -1.7649368e+01
  -1.0093281e+02  -1.7634899e+01
  -1.0067690e+02  -1.7620483e+01
  -1.0042099e+02  -1.7606121e+01
  -1.0016508e+02  -1.7591811e+01
  -9.9909166e+01  -1.7577554e+01
  -9.9653254e+01  -1.7563350e+01
  -9.9397342e+01  -1.7549199e+01
  -9.9141430e+01  -1.7535100e+01
  -9.8885518e+01  -1.7521053e+01
  -9.8629606e+01  -1.7507058e+01
  -9.8373694e+01  -1.7493114e+01
  -9.8117782e+01  -1.7479223e+01
  -9.7861871e+01  -1.7465383e+01
  -9.7605959e+01  -1.7451594e+01
  -9.7350047e+01  -1.7437856e+01
  -9.7094135e+01  -1.7424169e+01
  -9.6838223e+01  -1.7410533e+01
  -9.6582311e+01  -1.7396947e+01
  -9.6326399e+01  -1.7383412e+01
  -9.6070487e+01  -1.7369928e+01
  -9.5814575e+01  -1.7356493e+01
  -9.5558663e+01  -1.7343109e+01
  -9.5302751e+01  -1.7329774e+01
  -9.5046839e+01  -1.7316489e+01
  -9.4790928e+01  -1.7303253e+01
  -9.4535016e+01  -1.7290067e+01
  -9.4279104e+01  -1.7276930e+01
  -9.4023192e+01  -1.7263842e+01
  -9.3767280e+01  -1.7250803e+01
  -9.3511368e+01  -1.7237813e+01
  -9.3255456e+01  -1.7224871e+01
  -9.2999544e+01  -1.7211978e+01
  -9.2743632e+01  -1.7199133e+01
  -9.2487720e+01  -1.7186336e+01
  -9.2231808e+01  -1.7173587e+01
  -9.1975896e+01  -1.7160886e+01
  -9.1719985e+01  -1.7148233e+01
  -9.1464073e+01  -1.7135627e+01
  -9.1208161e+01  -1.7123069e+01
  -9.0952249e+01  -1.7110558e+01
  -9.0696337e+01  -1.7098095e+01
  -9.0440425e+01  -1.7085678e+01
  -9.0184513e+01  -1.7073308e+01
  -8.9928601e+01  -1.7060986e+01
  -8.9672689e+01  -1.7048709e+01
  -8.9416777e+01  -1.7036480e+01
  -8.9160865e+01  -1.7024296e+01
  -8.8904953e+01  -1.7012159e+01
  -8.8649042e+01  -1.7000068e+01
  -8.8393130e+01  -1.6988023e+01
  -8.8137218e+01  -1.6976024e+01
  -8.7881306e+01  -1.6964071e+01
  -8.7625394e+01  -1.6952163e+01
  -8.7369482e+01  -1.6940301e+01
  -8.7113570e+01  -1.6928484e+01
  -8.6857658e+01  -1.6916712e+01
  -8.6601746e+01  -1.6904985e+01
  -8.6345834e+01  -1.6893304e+01
  -8.6089922e+01  -1.6881667e+01
  -8.5834010e+01  -1.6870075e+01
  -8.5578099e+01  -1.6858528e+01
  -8.5322187e+01  -1.6847025e+01
  -8.5066275e+01  -1.6835567e+01
  -8.4810363e+01  -1.6824153e+01
  -8.4554451e+01  -1.6812783e+01
  -8.4298539e+01  -1.6801458e+01
  -8.4042627e+01  -1.6790176e+01
  -8.3786715e+01  -1.6778938e+01
  -8.3530803e+01  -1.6767744e+01
  -8.3274891e+01  -1.6756593e+01
  -8.3018979e+01  -1.6745486e+01
  -8.2763067e+01  -1.6734422e+01
  -8.2507156e+01  -1.6723402e+01
  -8.2251244e+01  -1.6712425e+01
  -8.1995332e+01  -1.6701491e+01
  -8.1739420e+01  -1.6690599e+01
  -8.1483508e+01  -1.6679751e+01
  -8.1227596e+01  -1.6668946e+01
  -8.0971684e+01  -1.6658183e+01
  -8.0715772e+01  -1.6647463e+01
  -8.0459860e+01  -1.6636785e+01
  -8.0203948e+01  -1.6626149e+01
  -7.9948036e+01  -1.6615556e+01
  -7.9692124e+01  -1.6605005e+01
  -7.9436213e+01  -1.6594496e+01
  -7.9180301e+01  -1.6584029e+01
  -7.8924389e+01  -1.6573604e+01
  -7.8668477e+01  -1.6563221e+01
  -7.8412565e+01  -1.6552879e+01
  -7.8156653e+01  -1.6542579e+01
  -7.7900741e+01  -1.6532320e+01
  -7.7644829e+01  -1.6522103e+01
  -7.7388917e+01  -1.6511927e+01
  -7.7133005e+01  -1.6501792e+01
  -7.6877093e+01  -1.6491698e+01
  -7.6621181e+01  -1.6481646e+01
  -7.6365270e+01  -1.6471634e+01
  -7.6109358e+01  -1.6461663e+01
  -7.5853446e+01  -1.6451733e+01
  -7.5597534e+01  -1.6441843e+01
  -7.5341622e+01  -1.6431994e+01
  -7.5085710e+01  -1.6422186e+01
  -7.4829798e+01  -1.6412418e+01
  -7.4573886e+01  -1.6402690e+01
  -7.4317974e+01  -1.6393002e+01
  -7.4062062e+01  -1.6383355e+01
  -7.3806150e+01  -1.6373748e+01
  -7.3550238e+01  -1.6364180e+01
  -7.3294327e+01  -1.6354653e+01
  -7.3038415e+01  -1.6345165e+01
  -7.2782503e+01  -1.6335717e+01
  -7.2526591e+01  -1.6326308e+01
  -7.2270679e+01  -1.6316939e+01
  -7.2014767e+01  -1.6307610e+01
  -7.1758855e+01  -1.6298320e+01
  -7.1502943e+01  -1.6289069e+01
  -7.1247031e+01  -1.6279858e+01
  -7.0991119e+01  -1.6270686e+01
  -7.0735207e+01  -1.6261552e+01
  -7.0479295e+01  -1.6252458e+01
  -7.0223384e+01  -1.6243403e+01
  -6.9967472e+01  -1.6234386e+01
  -6.9711560e+01  -1.6225408e+01
  -6.9455648e+01  -1.6216469e+01
  -6.9199736e+01  -1.6207569e+01
  -6.8943824e+01  -1.6198707e+01
  -6.8687912e+01  -1.6189884e+01
  -6.8432000e+01  -1.6181099e+01
  -6.8176088e+01  -1.6172352e+01
  -6.7920176e+01  -1.6163643e+01
  -6.7664264e+01  -1.6154973e+01
  -6.7408352e+01  -1.6146341e+01
  -6.7152441e+01  -1.6137747e+01
  -6.6896529e+01  -1.6129190e+01
  -6.6640617e+01  -1.6120672e+01
  -6.6384705e+01  -1.6112192e+01
  -6.6128793e+01  -1.6103749e+01
  -6.5872881e+01  -1.6095344e+01
  -6.5616969e+01  -1.6086977e+01
  -6.5361057e+01  -1.6078647e+01
  -6.5105145e+01  -1.6070354e+01
  -6.4849233e+01  -1.6062099e+01
  -6.4593321e+01  -1.6053882e+01
  -6.4337409e+01  -1.6045701e+01
  -6.4081498e+01  -1.6037558e+01
  -6.3825586e+01  -1.6029452e+01
  -6.3569674e+01  -1.6021383e+01
  -6.3313762e+01  -1.6013352e+01
  -6.3057850e+01  -1.6005357e+01
  -6.2801938e+01  -1.5997399e+01
  -6.2546026e+01  -1.5989478e+01
  -6.2290114e+01  -1.5981593e+01
  -6.2034202e+01  -1.5973746e+01
  -6.1778290e+01  -1.5965935e+01
  -6.1522378e+01  -1.5958160e+01
  -6.1266466e+01  -1.5950422e+01
  -6.1010555e+01  -1.5942721e+01
  -6.0754643e+01  -1.5935056e+01
  -6.0498731e+01  -1.5927427e+01
  -6.0242819e+01  -1.5919835e+01
  -5.9986907e+01  -1.5912279e+01
  -5.9730995e+01  -1.5904759e+01
  -5.9475083e+01  -1.5897275e+01
  -5.9219171e+01  -1.5889827e+01
  -5.8963259e+01  -1.5882415e+01
  -5.8707347e+01  -1.5875040e+01
  -5.8451435e+01  -1.5867700e+01
  -5.8195523e+01  -1.5860396e+01
  -5.7939612e+01  -1.5853127e+01
  -5.7683700e+01  -1.5845895e+01
  -5.7427788e+01  -1.5838698e+01
  -5.7171876e+01  -1.5831536e+01
  -5.6915964e+01  -1.5824411e+01
  -5.6660052e+01  -1.5817320e+01
  -5.6404140e+01  -1.5810266e+01
  -5.6148228e+01  -1.5803246e+01
  -5.5892316e+01  -1.5796262e+01
  -5.5636404e+01  -1.5789314e+01
  -5.5380492e+01  -1.5782400e+01
  -5.5124580e+01  -1.5775522e+01
  -5.4868669e+01  -1.5768679e+01
  -5.4612757e+01  -1.5761871e+01
  -5.4356845e+01  -1.5755098e+01
  -5.4100933e+01  -1.5748360e+01
  -5.3845021e+01  -1.5741657e+01
  -5.3589109e+01  -1.5734989e+01
  -5.3333197e+01  -1.5728355e+01
  -5.3077285e+01  -1.5721757e+01
  -5.2821373e+01  -1.5715193e+01
  -5.2565461e+01  -1.5708664e+01
  -5.2309549e+01  -1.5702170e+01
  -5.2053637e+01  -1.5695710e+01
  -5.1797726e+01  -1.5689285e+01
  -5.1541814e+01  -1.5682894e+01
  -5.1285902e+01  -1.5676538e+01
  -5.1029990e+01  -1.5670216e+01
  -5.0774078e+01  -1.5663929e+01
  -5.0518166e+01  -1.5657676e+01
  -5.0262254e+01  -1.5651457e+01
  -5.0006342e+01  -1.5645272e+01
  -4.9750430e+01  -1.5639122e+01
  -4.9494518e+01  -1.5633006e+01
  -4.9238606e+01  -1.5626924e+01
  -4.8982694e+01  -1.5620876e+01
  -4.8726783e+01  -1.5614862e+01
  -4.8470871e+01  -1.5608882e+01
  -4.8214959e+01  -1.5602936e+01
  -4.7959047e+01  -1.5597024e+01
  -4.7703135e+01  -1.5591146e+01
  -4.7447223e+01  -1.5585301e+01
  -4.7191311e+01  -1.5579491e+01
  -4.6935399e+01  -1.5573714e+01
  -4.6679487e+01  -1.5567970e+01
  -4.6423575e+01  -1.5562261e+01
  -4.6167663e+01  -1.5556585e+01
  -4.5911751e+01  -1.5550942e+01
  -4.5655840e+01  -1.5545334e+01
  -4.5399928e+01  -1.5539758e+01
  -4.5144016e+01  -1.5534216e+01
  -4.4888104e+01  -1.5528708e+01
  -4.4632192e+01  -1.5523233e+01
  -4.4376280e+01  -1.5517791e+01
  -4.4120368e+01  -1.5512383e+01
  -4.3864456e+01  -1.5507008e+01
  -4.3608544e+01  -1.5501666e+01
  -4.3352632e+01  -1.5496357e+01
  -4.3096720e+01  -1.5491082e+01
  -4.2840808e+01  -1.5485839e+01
  -4.2584897e+01  -1.5480630e+01
  -4.2328985e+01  -1.5475454e+01
  -4.2073073e+01  -1.5470310e+01
  -4.1817161e+01  -1.5465200e+01
  -4.1561249e+01  -1.5460123e+01
  -4.1305337e+01  -1.5455078e+01
  -4.1049425e+01  -1.5450067e+01
  -4.0793513e+01  -1.5445088e+01
  -4.0537601e+01  -1.5440142e+01
  -4.0281689e+01  -1.5435229e+01
  -4.0025777e+01  -1.5430349e+01
  -3.9769865e+01  -1.5425502e+01
  -3.9513954e+01  -1.5420687e+01
  -3.9258042e+01  -1.5415904e+01
  -3.9002130e+01  -1.5411155e+01
  -3.8746218e+01  -1.5406438e+01
  -3.8490306e+01  -1.5401753e+01
  -3.8234394e+01  -1.5397101e+01
  -3.7978482e+01  -1.5392482e+01
  -3.7722570e+01  -1.5387895e+01
  -3.7466658e+01  -1.5383340e+01
  -3.7210746e+01  -1.5378818e+01
  -3.6954834e+01  -1.5374328e+01
  -3.6698922e+01  -1.5369871e+01
  -3.6443011e+01  -1.5365446e+01
  -3.6187099e+01  -1.5361053e+01
  -3.5931187e+01  -1.5356692e+01
  -3.5675275e+01  -1.5352364e+01
  -3.5419363e+01  -1.5348068e+01
  -3.5163451e+01  -1.5343804e+01
  -3.4907539e+01  -1.5339572e+01
  -3.4651627e+01  -1.5335372e+01
  -3.4395715e+01  -1.5331204e+01
  -3.4139803e+01  -1.5327069e+01
  -3.3883891e+01  -1.5322965e+01
  -3.3627979e+01  -1.5318894e+01
  -3.3372068e+01  -1.5314854e+01
  -3.3116156e+01  -1.5310846e+01
  -3.2860244e+01  -1.5306871e+01
  -3.2604332e+01  -1.5302927e+01
  -3.2348420e+01  -1.5299015e+01
  -3.2092508e+01  -1.5295135e+01
  -3.1836596e+01  -1.5291287e+01
  -3.1580684e+01  -1.5287470e+01
  -3.1324772e+01  -1.5283685e+01
  -3.1068860e+01  -1.5279933e+01
  -3.0812948e+01  -1.5276211e+01
  -3.0557036e+01  -1.5272522e+01
  -3.0301125e+01  -1.5268864e+01
  -3.0045213e+01  -1.5265238e+01
  -2.9789301e+01  -1.5261643e+01
  -2.9533389e+01  -1.5258080e+01
  -2.9277477e+01  -1.5254549e+01
  -2.9021565e+01  -1.5251049e+01
  -2.8765653e+01  -1.5247581e+01
  -2.8509741e+01  -1.5244144e+01
  -2.8253829e+01  -1.5240739e+01
  -2.7997917e+01  -1.5237365e+01
  -2.7742005e+01  -1.5234023e+01
  -2.7486093e+01  -1.5230712e+01
  -2.7230182e+01  -1.5227433e+01
  -2.6974270e+01  -1.5224185e+01
  -2.6718358e+01  -1.5220968e+01
  -2.6462446e+01  -1.5217783e+01
  -2.6206534e+01  -1.5214629e+01
  -2.5950622e+01  -1.5211506e+01
  -2.5694710e+01  -1.5208415e+01
  -2.5438798e+01  -1.5205355e+01
  -2.5182886e+01  -1.5202326e+01
  -2.4926974e+01  -1.5199328e+01
  -2.4671062e+01  -1.5196362e+01
  -2.4415150e+01  -1.5193427e+01
  -2.4159239e+01  -1.5190523e+01
  -2.3903327e+01  -1.5187650e+01
  -2.3647415e+01  -1.5184808e+01
  -2.3391503e+01  -1.5181997e+01
  -2.3135591e+01  -1.5179218e+01
  -2.2879679e+01  -1.5176469e+01
  -2.2623767e+01  -1.5173752e+01
  -2.2367855e+01  -1.5171066e+01
  -2.2111943e+01  -1.5168410e+01
  -2.1856031e+01  -1.5165786e+01
  -2.1600119e+01  -1.5163193e+01
  -2.1344207e+01  -1.5160631e+01
  -2.1088296e+01  -1.5158099e+01
  -2.0832384e+01  -1.5155599e+01
  -2.0576472e+01  -1.5153130e+01
  -2.0320560e+01  -1.5150691e+01
  -2.0064648e+01  -1.5148283e+01
  -1.9808736e+01  -1.5145907e+01
  -1.9552824e+01  -1.5143561e+01
  -1.9296912e+01  -1.5141246e+01
  -1.9041000e+01  -1.5138962e+01
  -1.8785088e+01  -1.5136709e+01
  -1.8529176e+01  -1.5134486e+01
  -1.8273264e+01  -1.5132295e+01
  -1.8017353e+01  -1.5130134e+01
  -1.7761441e+01  -1.5128004e+01
  -1.7505529e+01  -1.5125905e+01
  -1.7249617e+01  -1.5123836e+01
  -1.6993705e+01  -1.5121798e+01
  -1.6737793e+01  -1.5119791e+01
  -1.6481881e+01  -1.5117815e+01
  -1.6225969e+01  -1.5115869e+01
  -1.5970057e+01  -1.5113954e+01
  -1.5714145e+01  -1.5112070e+01
  -1.5458233e+01  -1.5110216e+01
  -1.5202321e+01  -1.5108394e+01
  -1.4946410e+01  -1.5106601e+01
  -1.4690498e+01  -1.5104840e+01
  -1.4434586e+01  -1.5103109e+01
  -1.4178674e+01  -1.5101408e+01
  -1.3922762e+01  -1.5099738e+01
  -1.3666850e+01  -1.5098099e+01
  -1.3666850e+01  -1.5098099e+01
  -1.3410930e+01  -1.5096491e+01
  -1.3155020e+01  -1.5094913e+01
  -1.2899110e+01  -1.5093365e+01
  -1.2643200e+01  -1.5091848e+01
  -1.2387290e+01  -1.5090362e+01
  -1.2131370e+01  -1.5088906e+01
  -1.1875460e+01  -1.5087481e+01
  -1.1619550e+01  -1.5086086e+01
  -1.1363640e+01  -1.5084722e+01
  -1.1107730e+01  -1.5083388e+01
  -1.0851810e+01  -1.5082084e+01
  -1.0595900e+01  -1.5080812e+01
  -1.0339990e+01  -1.5079569e+01
  -1.0084080e+01  -1.5078358e+01
  -9.8281700e+00  -1.5077176e+01
  -9.5722500e+00  -1.5076025e+01
  -9.3163400e+00  -1.5074905e+01
  -9.0604300e+00  -1.5073815e+01
  -8.8045180e+00  -1.5072755e+01
  -8.5486060e+00  -1.5071726e+01
  -8.2926940e+00  -1.5070727e+01
  -8.0367820e+00  -1.5069759e+01
  -7.7808700e+00  -1.5068821e+01
  -7.5249580e+00  -1.5067913e+01
  -7.2690460e+00  -1.5067036e+01
  -7.0131340e+00  -1.5066190e+01
  -6.7572200e+00  -1.5065373e+01
  -6.5013100e+00  -1.5064587e+01
  -6.2454000e+00  -1.5063832e+01
  -5.9894900e+00  -1.5063106e+01
  -5.7335700e+00  -1.5062412e+01
  -5.4776600e+00  -1.5061747e+01
  -5.2217500e+00  -1.5061113e+01
  -4.9658400e+00  -1.5060509e+01
  -4.7099300e+00  -1.5059936e+01
  -4.4540100e+00  -1.5059393e+01
  -4.1981000e+00  -1.5058880e+01
  -3.9421900e+00  -1.5058398e+01
  -3.6862800e+00  -1.5057946e+01
  -3.4303700e+00  -1.5057524e+01
  -3.1744500e+00  -1.5057133e+01
  -2.9185400e+00  -1.5056772e+01
  -2.6626300e+00  -1.5056441e+01
  -2.4067200e+00  -1.5056141e+01
  -2.1508100e+00  -1.5055871e+01
  -1.8948900e+00  -1.5055631e+01
  -1.6389800e+00  -1.5055422e+01
  -1.3830700e+00  -1.5055243e+01
  -1.1271600e+00  -1.5055094e+01
  -8.7125000e-01  -1.5054976e+01
  -6.1533000e-01  -1.5054888e+01
  -3.5942000e-01  -1.5054830e+01
  -1.0351000e-01  -1.5054802e+01
   1.5240000e-01  -1.5054800e+01
   4.0831000e-01  -1.5054800e+01
   6.6423000e-01  -1.5054800e+01
   9.2014000e-01  -1.5054800e+01
   1.1760500e+00  -1.5054800e+01
   1.4319600e+00  -1.5054800e+01
   1.6878700e+00  -1.5054800e+01
   1.9437900e+00  -1.5054800e+01
   2.1997000e+00  -1.5054800e+01
   2.4556000e+00  -1.5054800e+01
   2.7115000e+00  -1.5054800e+01
   2.9674000e+00  -1.5054800e+01
   3.2233000e+00  -1.5054800e+01
   3.4793000e+00  -1.5054800e+01
   3.7352000e+00  -1.5054800e+01
   3.9911000e+00  -1.5054800e+01
   4.2470000e+00  -1.5054800e+01
   4.5029000e+00  -1.5054800e+01
   4.7588000e+00  -1.5054800e+01
   5.0147000e+00  -1.5054800e+01
   5.2706000e+00  -1.5054800e+01
   5.5266000e+00  -1.5054800e+01
   5.7825000e+00  -1.5054800e+01
   6.0384000e+00  -1.5054800e+01
   6.2943000e+00  -1.5054800e+01
   6.5502000e+00  -1.5054800e+01
   6.8061000e+00  -1.5054800e+01
   7.0620000e+00  -1.5054800e+01
   7.3179000e+00  -1.5054800e+01
   7.5739000e+00  -1.5054800e+01
   7.8298000e+00  -1.5054800e+01
   8.0857000e+00  -1.5054800e+01
   8.3416000e+00  -1.5054800e+01
   8.5975000e+00  -1.5054800e+01
   8.8534000e+00  -1.5054800e+01
   9.1093000e+00  -1.5054800e+01
   9.3652000e+00  -1.5054800e+01
   9.6211000e+00  -1.5054800e+01
   9.8771000e+00  -1.5054800e+01
   1.0133000e+01  -1.5054800e+01
   1.0388900e+01  -1.5054800e+01
   1.0644800e+01  -1.5054800e+01
   1.0900700e+01  -1.5054800e+01
   1.1156600e+01  -1.5054800e+01
   1.1412500e+01  -1.5054800e+01
   1.1668400e+01  -1.5054800e+01
   1.1924400e+01  -1.5054800e+01
   1.2180300e+01  -1.5054800e+01
   1.2436200e+01  -1.5054800e+01
   1.2692100e+01  -1.5054800e+01
   1.2948000e+01  -1.5054800e+01
   1.3203900e+01  -1.5054800e+01
   1.3459800e+01  -1.5054800e+01
   1.3715700e+01  -1.5054800e+01
   1.3971700e+01  -1.5054800e+01
   1.4227600e+01  -1.5054800e+01
   1.4483500e+01  -1.5054800e+01
   1.4739400e+01  -1.5054800e+01
   1.4995300e+01  -1.5054800e+01
   1.5251200e+01  -1.5054800e+01
   1.5507100e+01  -1.5054800e+01
   1.5763000e+01  -1.5054800e+01
   1.6018900e+01  -1.5054800e+01
   1.6274900e+01  -1.5054800e+01
   1.6530800e+01  -1.5054800e+01
   1.6786700e+01  -1.5054800e+01
   1.7042600e+01  -1.5054800e+01
   1.7298500e+01  -1.5054800e+01
   1.7554400e+01  -1.5054800e+01
   1.7810300e+01  -1.5054800e+01
   1.8066200e+01  -1.5054800e+01
   1.8322200e+01  -1.5054800e+01
   1.8578100e+01  -1.5054800e+01
   1.8834000e+01  -1.5054800e+01
   1.9089900e+01  -1.5054800e+01
   1.9345800e+01  -1.5054800e+01
   1.9601700e+01  -1.5054800e+01
   1.9857600e+01  -1.5054800e+01
   2.0113500e+01  -1.5054800e+01
   2.0369500e+01  -1.5054800e+01
   2.0625400e+01  -1.5054800e+01
   2.0881300e+01  -1.5054800e+01
   2.1137200e+01  -1.5054800e+01
   2.1393100e+01  -1.5054800e+01
   2.1649000e+01  -1.5054800e+01
   2.1904900e+01  -1.5054800e+01
   2.2160800e+01  -1.5054800e+01
   2.2416700e+01  -1.5054800e+01
   2.2672700e+01  -1.5054800e+01
   2.2928600e+01  -1.5054800e+01
   2.3184500e+01  -1.5054800e+01
   2.3440400e+01  -1.5054800e+01
   2.3696300e+01  -1.5054800e+01
   2.3952200e+01  -1.5054800e+01
   2.4208100e+01  -1.5054800e+01
   2.4464000e+01  -1.5054800e+01
   2.4720000e+01  -1.5054800e+01
   2.4975900e+01  -1.5054800e+01
   2.5231800e+01  -1.5054800e+01
   2.5487700e+01  -1.5054800e+01
   2.5743600e+01  -1.5054800e+01
   2.5999500e+01  -1.5054800e+01
   2.6255400e+01  -1.5054800e+01
   2.6511300e+01  -1.5054800e+01
   2.6767200e+01  -1.5054800e+01
   2.7023200e+01  -1.5054800e+01
   2.7279100e+01  -1.5054800e+01
   2.7535000e+01  -1.5054800e+01
   2.7790900e+01  -1.5054800e+01
   2.8046800e+01  -1.5054800e+01
   2.8302700e+01  -1.5054800e+01
   2.8558600e+01  -1.5054800e+01
   2.8814500e+01  -1.5054800e+01
   2.9070500e+01  -1.5054800e+01
   2.9326400e+01  -1.5054800e+01
   2.9582300e+01  -1.5054800e+01
   2.9838200e+01  -1.5054800e+01
   3.0094100e+01  -1.5054800e+01
   3.0350000e+01  -1.5054800e+01
   3.0605900e+01  -1.5054800e+01
   3.0861800e+01  -1.5054800e+01
   3.1117800e+01  -1.5054800e+01
   3.1373700e+01  -1.5054800e+01
   3.1629600e+01  -1.5054800e+01
   3.1885500e+01  -1.5054800e+01
   3.2141400e+01  -1.5054800e+01
   3.2397300e+01  -1.5054800e+01
   3.2653200e+01  -1.5054800e+01
   3.2909100e+01  -1.5054800e+01
   3.3165100e+01  -1.5054800e+01
   3.3421000e+01  -1.5054800e+01
   3.3676900e+01  -1.5054800e+01
   3.3932800e+01  -1.5054800e+01
   3.4188700e+01  -1.5054800e+01
   3.4444600e+01  -1.5054800e+01
   3.4700500e+01  -1.5054800e+01
   3.4956400e+01  -1.5054800e+01
   3.5212300e+01  -1.5054800e+01
   3.5468300e+01  -1.5054800e+01
   3.5724200e+01  -1.5054800e+01
   3.5980100e+01  -1.5054800e+01
   3.6236000e+01  -1.5054800e+01
   3.6491900e+01  -1.5054800e+01
   3.6747800e+01  -1.5054800e+01
   3.7003700e+01  -1.5054800e+01
   3.7259600e+01  -1.5054800e+01
   3.7515600e+01  -1.5054800e+01
   3.7771500e+01  -1.5054800e+01
   3.8027400e+01  -1.5054800e+01
   3.8283300e+01  -1.5054800e+01
   3.8539200e+01  -1.5054800e+01
   3.8795100e+01  -1.5054800e+01
   3.9051000e+01  -1.5054800e+01
   3.9306900e+01  -1.5054800e+01
   3.9562900e+01  -1.5054800e+01
   3.9818800e+01  -1.5054800e+01
   4.0074700e+01  -1.5054800e+01
   4.0330600e+01  -1.5054800e+01
   4.0586500e+01  -1.5054800e+01
   4.0842400e+01  -1.5054800e+01
   4.1098300e+01  -1.5054800e+01
   4.1354200e+01  -1.5054800e+01
   4.1610100e+01  -1.5054800e+01
   4.1866100e+01  -1.5054800e+01
   4.2122000e+01  -1.5054800e+01
   4.2377900e+01  -1.5054800e+01
   4.2633800e+01  -1.5054800e+01
   4.2889700e+01  -1.5054800e+01
   4.3145600e+01  -1.5054800e+01
   4.3401500e+01  -1.5054800e+01
   4.3657400e+01  -1.5054800e+01
   4.3913400e+01  -1.5054800e+01
   4.4169300e+01  -1.5054800e+01
   4.4425200e+01  -1.5054800e+01
   4.4681100e+01  -1.5054800e+01
   4.4937000e+01  -1.5054800e+01
   4.5192900e+01  -1.5054800e+01
   4.5448800e+01  -1.5054800e+01
   4.5704700e+01  -1.5054800e+01
   4.5960700e+01  -1.5054800e+01
   4.6216600e+01  -1.5054800e+01
   4.6472500e+01  -1.5054800e+01
   4.6728400e+01  -1.5054800e+01
   4.6984300e+01  -1.5054800e+01
   4.7240200e+01  -1.5054800e+01
   4.7496100e+01  -1.5054800e+01
   4.7752000e+01  -1.5054800e+01
   4.8007900e+01  -1.5054800e+01
   4.8263900e+01  -1.5054800e+01
   4.8519800e+01  -1.5054800e+01
   4.8775700e+01  -1.5054800e+01
   4.9031600e+01  -1.5054800e+01
   4.9287500e+01  -1.5054800e+01
   4.9543400e+01  -1.5054800e+01
   4.9799300e+01  -1.5054800e+01
   5.0055200e+01  -1.5054800e+01
   5.0311200e+01  -1.5054800e+01
   5.0567100e+01  -1.5054800e+01
   5.0823000e+01  -1.5054800e+01
   5.1078900e+01  -1.5054800e+01
   5.1334800e+01  -1.5054800e+01
   5.1590700e+01  -1.5054800e+01
   5.1846600e+01  -1.5054800e+01
   5.2102500e+01  -1.5054800e+01
   5.2358500e+01  -1.5054800e+01
   5.2614400e+01  -1.5054800e+01
   5.2870300e+01  -1.5054800e+01
   5.3126200e+01  -1.5054800e+01
   5.3382100e+01  -1.5054800e+01
   5.3638000e+01  -1.5054800e+01
   5.3893900e+01  -1.5054800e+01
   5.4149800e+01  -1.5054800e+01
   5.4405700e+01  -1.5054800e+01
   5.4661700e+01  -1.5054800e+01
   5.4917600e+01  -1.5054800e+01
   5.5173500e+01  -1.5054800e+01
   5.5429400e+01  -1.5054800e+01
   5.5685300e+01  -1.5054800e+01
   5.5941200e+01  -1.5054800e+01
   5.6197100e+01  -1.5054800e+01
   5.6453000e+01  -1.5054800e+01
   5.6709000e+01  -1.5054800e+01
   5.6964900e+01  -1.5054800e+01
   5.7220800e+01  -1.5054800e+01
   5.7476700e+01  -1.5054800e+01
   5.7732600e+01  -1.5054800e+01
   5.7988500e+01  -1.5054800e+01
   5.8244400e+01  -1.5054800e+01
   5.8500300e+01  -1.5054800e+01
   5.8756300e+01  -1.5054800e+01
   5.9012200e+01  -1.5054800e+01
   5.9268100e+01  -1.5054800e+01
   5.9524000e+01  -1.5054800e+01
   5.9779900e+01  -1.5054800e+01
   6.0035800e+01  -1.5054800e+01
   6.0291700e+01  -1.5054800e+01
   6.0547600e+01  -1.5054800e+01
   6.0803500e+01  -1.5054800e+01
   6.1059500e+01  -1.5054800e+01
   6.1315400e+01  -1.5054800e+01
   6.1571300e+01  -1.5054800e+01
   6.1827200e+01  -1.5054800e+01
   6.2083100e+01  -1.5054800e+01
   6.2339000e+01  -1.5054800e+01
   6.2594900e+01  -1.5054800e+01
   6.2850800e+01  -1.5054800e+01
   6.3106800e+01  -1.5054800e+01
   6.3362700e+01  -1.5054800e+01
   6.3618600e+01  -1.5054800e+01
   6.3874500e+01  -1.5054800e+01
   6.4130400e+01  -1.5054800e+01
   6.4386300e+01  -1.5054800e+01
   6.4642200e+01  -1.5054800e+01
   6.4898100e+01  -1.5054800e+01
   6.5154000e+01  -1.5054800e+01
   6.5410000e+01  -1.5054800e+01
   6.5665900e+01  -1.5054800e+01
   6.5921800e+01  -1.5054800e+01
   6.6177700e+01  -1.5054800e+01
   6.6433600e+01  -1.5054800e+01
   6.6689500e+01  -1.5054800e+01
   6.6945400e+01  -1.5054800e+01
   6.7201300e+01  -1.5054800e+01
   6.7457300e+01  -1.5054800e+01
   6.7713200e+01  -1.5054800e+01
   6.7969100e+01  -1.5054800e+01
   6.8225000e+01  -1.5054800e+01
   6.8480900e+01  -1.5054800e+01
   6.8736800e+01  -1.5054800e+01
   6.8992700e+01  -1.5054800e+01
   6.9248600e+01  -1.5054800e+01
   6.9504600e+01  -1.5054800e+01
   6.9760500e+01  -1.5054800e+01
   7.0016400e+01  -1.5054800e+01
   7.0272300e+01  -1.5054800e+01
   7.0528200e+01  -1.5054800e+01
   7.0784100e+01  -1.5054800e+01
   7.1040000e+01  -1.5054800e+01
   7.1295900e+01  -1.5054800e+01
   7.1551900e+01  -1.5054800e+01
   7.1807800e+01  -1.5054800e+01
   7.2063700e+01  -1.5054800e+01
   7.2319600e+01  -1.5054800e+01
   7.2575500e+01  -1.5054800e+01
   7.2831400e+01  -1.5054800e+01
   7.3087300e+01  -1.5054800e+01
   7.3343200e+01  -1.5054800e+01
   7.3599100e+01  -1.5054800e+01
   7.3855100e+01  -1.5054800e+01
   7.4111000e+01  -1.5054800e+01
   7.4366900e+01  -1.5054800e+01
   7.4622800e+01  -1.5054800e+01
   7.4878700e+01  -1.5054800e+01
   7.5134600e+01  -1.5054800e+01
   7.5390500e+01  -1.5054800e+01
   7.5646400e+01  -1.5054800e+01
   7.5902400e+01  -1.5054800e+01
   7.6158300e+01  -1.5054800e+01
   7.6414200e+01  -1.5054800e+01
   7.6670100e+01  -1.5054800e+01
   7.6926000e+01  -1.5054800e+01
   7.7181900e+01  -1.5054800e+01
   7.7437800e+01  -1.5054800e+01
   7.7693700e+01  -1.5054800e+01
   7.7949700e+01  -1.5054800e+01
   7.8205600e+01  -1.5054800e+01
   7.8461500e+01  -1.5054800e+01
   7.8717400e+01  -1.5054800e+01
   7.8973300e+01  -1.5054800e+01
   7.9229200e+01  -1.5054800e+01
   7.9485100e+01  -1.5054800e+01
   7.9741000e+01  -1.5054800e+01
   7.9996900e+01  -1.5054800e+01
   8.0252900e+01  -1.5054800e+01
   8.0508800e+01  -1.5054800e+01
   8.0764700e+01  -1.5054800e+01
   8.1020600e+01  -1.5054800e+01
   8.1276500e+01  -1.5054800e+01
   8.1532400e+01  -1.5054800e+01
   8.1788300e+01  -1.5054800e+01
   8.2044200e+01  -1.5054800e+01
   8.2300200e+01  -1.5054800e+01
   8.2556100e+01  -1.5054800e+01
   8.2812000e+01  -1.5054800e+01
   8.3067900e+01  -1.5054800e+01
   8.3323800e+01  -1.5054800e+01
   8.3579700e+01  -1.5054800e+01
   8.3835600e+01  -1.5054800e+01
   8.4091500e+01  -1.5054800e+01
   8.4347500e+01  -1.5054800e+01
   8.4603400e+01  -1.5054800e+01
   8.4859300e+01  -1.5054800e+01
   8.5115200e+01  -1.5054800e+01
   8.5371100e+01  -1.5054800e+01
   8.5627000e+01  -1.5054800e+01
   8.5882900e+01  -1.5054800e+01
   8.6138800e+01  -1.5054800e+01
   8.6394700e+01  -1.5054800e+01
   8.6650700e+01  -1.5054800e+01
   8.6906600e+01  -1.5054800e+01
   8.7162500e+01  -1.5054800e+01
   8.7418400e+01  -1.5054800e+01
   8.7674300e+01  -1.5054800e+01
   8.7930200e+01  -1.5054800e+01
   8.8186100e+01  -1.5054800e+01
   8.8442000e+01  -1.5054800e+01
   8.8698000e+01  -1.5054800e+01
   8.8953900e+01  -1.5054800e+01
   8.9209800e+01  -1.5054800e+01
   8.9465700e+01  -1.5054800e+01
   8.9721600e+01  -1.5054800e+01
   8.9977500e+01  -1.5054800e+01
   9.0233400e+01  -1.5054800e+01
   9.0489300e+01  -1.5054800e+01
